每一组数据中，第一个数字是链表的代号，第二个数字是此知识点在该知识点在此知识链表中的逻辑顺序下标，第三个是文本串是该知识点的名字，第四个是该知识点的权重
1 1 环境变量 5
1 2 IDE（eclipse idea） 5
1 3 数据类型 5
1 4 变量 5
1 5 运算符 5
1 6 流程控制 5
1 7 String类型 5
1 8 数组 5
1 9 面向对象 5
1 10 包装类 5
1 11 格式化 4
1 12 接口继承多态 5
1 13 集合 5
1 14 异常 5
1 16 IO流处理 4
1 17 反射 3
1 18 枚举类型 3
1 19 多线程 3
1 20 网络通信 3
1 21 JDBC 2
1 22 HTML 5
1 23 CSS 3
1 24 javascript 4
1 25 DOM 3
1 26 jquery 4
1 27 tomcat 5
1 28 http协议 4
1 29 servlet 5
1 30 jsp 2
1 31 jstl 2
1 32 el表达式 2
1 33 ajax 4
1 34 json 5
1 35 过滤器 2
1 36 监听器 2
1 37 linux 5
1 38 log 3
1 39 xml 3
1 40 properties 3
1 41 yml 1
1 42 MVC 5
1 43 struts2流程 2
1 44 配置 2
1 45 视图 2
1 46 异常 1
1 47 国际化 1
1 48 ognl 1
1 49 文件上传 1
1 50 拦截器 1
1 51 验证 1
1 52 数据标签 1 
1 53 控制标签 1
1 54 表单标签 1
1 55 框架集成 2
1 56 ioc 5
1 57 Spring配置 5
1 58 springbean 5
1 59 依赖注入 5
1 60 注解 5
1 61 bean的创建 5
1 62 bean的生命周期 5
1 63 spring事务 5
1 64 springAOP 5
1 65 spring集成 5
1 66 springmvc配置 5
1 67 springmvc注解配置 5
1 68 springmvc注解 5
1 69